0 1 -33.0
0 2 -33.0
0 3 -33.0
0 4 -33.0
0 5 -33.0
0 6 -33.0
0 7 -33.0
0 8 -33.0
0 9 -33.0
0 10 -33.0
0 11 -33.0
0 12 -33.0
0 13 -33.0
0 14 -33.0
0 15 -33.0
0 16 -33.0
0 17 -33.0
0 18 -33.0
0 19 -33.0
0 20 -33.0
0 21 -33.0
0 22 -33.0
0 23 -33.0
0 24 -33.0
0 25 -33.0
0 26 -33.0
0 27 -33.0
0 28 -33.0
0 29 -33.0
0 30 -33.0
0 31 -33.0
0 32 -33.0
0 33 -33.0
0 34 -33.0
0 35 -33.0
0 36 -33.0
1 0 -33.0
1 2 -33.0
1 3 -33.0
1 4 -33.0
1 5 -33.0
1 6 -33.0
1 7 -33.0
1 8 -33.0
1 9 -33.0
1 10 -33.0
1 11 -33.0
1 12 -33.0
1 13 -33.0
1 14 -33.0
1 15 -33.0
1 16 -33.0
1 17 -33.0
1 18 -33.0
1 19 -33.0
1 20 -33.0
1 21 -33.0
1 22 -33.0
1 23 -33.0
1 24 -33.0
1 25 -33.0
1 26 -33.0
1 27 -33.0
1 28 -33.0
1 29 -33.0
1 30 -33.0
1 31 -33.0
1 32 -33.0
1 33 -33.0
1 34 -33.0
1 35 -33.0
1 36 -33.0
2 0 -33.0
2 1 -33.0
2 3 -33.0
2 4 -33.0
2 5 -33.0
2 6 -33.0
2 7 -33.0
2 8 -33.0
2 9 -33.0
2 10 -33.0
2 11 -33.0
2 12 -33.0
2 13 -33.0
2 14 -33.0
2 15 -33.0
2 16 -33.0
2 17 -33.0
2 18 -33.0
2 19 -33.0
2 20 -33.0
2 21 -33.0
2 22 -33.0
2 23 -33.0
2 24 -33.0
2 25 -33.0
2 26 -33.0
2 27 -33.0
2 28 -33.0
2 29 -33.0
2 30 -33.0
2 31 -33.0
2 32 -33.0
2 33 -33.0
2 34 -33.0
2 35 -33.0
2 36 -33.0
3 0 -33.0
3 1 -33.0
3 2 -33.0
3 4 -33.0
3 5 -33.0
3 6 -33.0
3 7 -33.0
3 8 -33.0
3 9 -33.0
3 10 -33.0
3 11 -33.0
3 12 -33.0
3 13 -33.0
3 14 -33.0
3 15 -33.0
3 16 -33.0
3 17 -33.0
3 18 -33.0
3 19 -33.0
3 20 -33.0
3 21 -33.0
3 22 -33.0
3 23 -33.0
3 24 -33.0
3 25 -33.0
3 26 -33.0
3 27 -33.0
3 28 -33.0
3 29 -33.0
3 30 -33.0
3 31 -33.0
3 32 -33.0
3 33 -33.0
3 34 -33.0
3 35 -33.0
3 36 -33.0
4 0 -33.0
4 1 -33.0
4 2 -33.0
4 3 -33.0
4 5 -33.0
4 6 -33.0
4 7 -33.0
4 8 -33.0
4 9 -33.0
4 10 -33.0
4 11 -33.0
4 12 -33.0
4 13 -33.0
4 14 -33.0
4 15 -33.0
4 16 -33.0
4 17 -33.0
4 18 -33.0
4 19 -33.0
4 20 -33.0
4 21 -33.0
4 22 -33.0
4 23 -33.0
4 24 -33.0
4 25 -33.0
4 26 -33.0
4 27 -33.0
4 28 -33.0
4 29 -33.0
4 30 -33.0
4 31 -33.0
4 32 -33.0
4 33 -33.0
4 34 -33.0
4 35 -33.0
4 36 -33.0
5 0 -33.0
5 1 -33.0
5 2 -33.0
5 3 -33.0
5 4 -33.0
5 6 -33.0
5 7 -33.0
5 8 -33.0
5 9 -33.0
5 10 -33.0
5 11 -33.0
5 12 -33.0
5 13 -33.0
5 14 -33.0
5 15 -33.0
5 16 -33.0
5 17 -33.0
5 18 -33.0
5 19 -33.0
5 20 -33.0
5 21 -33.0
5 22 -33.0
5 23 -33.0
5 24 -33.0
5 25 -33.0
5 26 -33.0
5 27 -33.0
5 28 -33.0
5 29 -33.0
5 30 -33.0
5 31 -33.0
5 32 -33.0
5 33 -33.0
5 34 -33.0
5 35 -33.0
5 36 -33.0
6 0 -33.0
6 1 -33.0
6 2 -33.0
6 3 -33.0
6 4 -33.0
6 5 -33.0
6 7 -33.0
6 8 -33.0
6 9 -33.0
6 10 -33.0
6 11 -33.0
6 12 -33.0
6 13 -33.0
6 14 -33.0
6 15 -33.0
6 16 -33.0
6 17 -33.0
6 18 -33.0
6 19 -33.0
6 20 -33.0
6 21 -33.0
6 22 -33.0
6 23 -33.0
6 24 -33.0
6 25 -33.0
6 26 -33.0
6 27 -33.0
6 28 -33.0
6 29 -33.0
6 30 -33.0
6 31 -33.0
6 32 -33.0
6 33 -33.0
6 34 -33.0
6 35 -33.0
6 36 -33.0
7 0 -33.0
7 1 -33.0
7 2 -33.0
7 3 -33.0
7 4 -33.0
7 5 -33.0
7 6 -33.0
7 8 -33.0
7 9 -33.0
7 10 -33.0
7 11 -33.0
7 12 -33.0
7 13 -33.0
7 14 -33.0
7 15 -33.0
7 16 -33.0
7 17 -33.0
7 18 -33.0
7 19 -33.0
7 20 -33.0
7 21 -33.0
7 22 -33.0
7 23 -33.0
7 24 -33.0
7 25 -33.0
7 26 -33.0
7 27 -33.0
7 28 -33.0
7 29 -33.0
7 30 -33.0
7 31 -33.0
7 32 -33.0
7 33 -33.0
7 34 -33.0
7 35 -33.0
7 36 -33.0
8 0 -33.0
8 1 -33.0
8 2 -33.0
8 3 -33.0
8 4 -33.0
8 5 -33.0
8 6 -33.0
8 7 -33.0
8 9 -33.0
8 10 -33.0
8 11 -33.0
8 12 -33.0
8 13 -33.0
8 14 -33.0
8 15 -33.0
8 16 -33.0
8 17 -33.0
8 18 -33.0
8 19 -33.0
8 20 -33.0
8 21 -33.0
8 22 -33.0
8 23 -33.0
8 24 -33.0
8 25 -33.0
8 26 -33.0
8 27 -33.0
8 28 -33.0
8 29 -33.0
8 30 -33.0
8 31 -33.0
8 32 -33.0
8 33 -33.0
8 34 -33.0
8 35 -33.0
8 36 -33.0
9 0 -33.0
9 1 -33.0
9 2 -33.0
9 3 -33.0
9 4 -33.0
9 5 -33.0
9 6 -33.0
9 7 -33.0
9 8 -33.0
9 10 -33.0
9 11 -33.0
9 12 -33.0
9 13 -33.0
9 14 -33.0
9 15 -33.0
9 16 -33.0
9 17 -33.0
9 18 -33.0
9 19 -33.0
9 20 -33.0
9 21 -33.0
9 22 -33.0
9 23 -33.0
9 24 -33.0
9 25 -33.0
9 26 -33.0
9 27 -33.0
9 28 -33.0
9 29 -33.0
9 30 -33.0
9 31 -33.0
9 32 -33.0
9 33 -33.0
9 34 -33.0
9 35 -33.0
9 36 -33.0
10 0 -33.0
10 1 -33.0
10 2 -33.0
10 3 -33.0
10 4 -33.0
10 5 -33.0
10 6 -33.0
10 7 -33.0
10 8 -33.0
10 9 -33.0
10 11 -33.0
10 12 -33.0
10 13 -33.0
10 14 -33.0
10 15 -33.0
10 16 -33.0
10 17 -33.0
10 18 -33.0
10 19 -33.0
10 20 -33.0
10 21 -33.0
10 22 -33.0
10 23 -33.0
10 24 -33.0
10 25 -33.0
10 26 -33.0
10 27 -33.0
10 28 -33.0
10 29 -33.0
10 30 -33.0
10 31 -33.0
10 32 -33.0
10 33 -33.0
10 34 -33.0
10 35 -33.0
10 36 -33.0
11 0 -33.0
11 1 -33.0
11 2 -33.0
11 3 -33.0
11 4 -33.0
11 5 -33.0
11 6 -33.0
11 7 -33.0
11 8 -33.0
11 9 -33.0
11 10 -33.0
11 12 -33.0
11 13 -33.0
11 14 -33.0
11 15 -33.0
11 16 -33.0
11 17 -33.0
11 18 -33.0
11 19 -33.0
11 20 -33.0
11 21 -33.0
11 22 -33.0
11 23 -33.0
11 24 -33.0
11 25 -33.0
11 26 -33.0
11 27 -33.0
11 28 -33.0
11 29 -33.0
11 30 -33.0
11 31 -33.0
11 32 -33.0
11 33 -33.0
11 34 -33.0
11 35 -33.0
11 36 -33.0
12 0 -33.0
12 1 -33.0
12 2 -33.0
12 3 -33.0
12 4 -33.0
12 5 -33.0
12 6 -33.0
12 7 -33.0
12 8 -33.0
12 9 -33.0
12 10 -33.0
12 11 -33.0
12 13 -33.0
12 14 -33.0
12 15 -33.0
12 16 -33.0
12 17 -33.0
12 18 -33.0
12 19 -33.0
12 20 -33.0
12 21 -33.0
12 22 -33.0
12 23 -33.0
12 24 -33.0
12 25 -33.0
12 26 -33.0
12 27 -33.0
12 28 -33.0
12 29 -33.0
12 30 -33.0
12 31 -33.0
12 32 -33.0
12 33 -33.0
12 34 -33.0
12 35 -33.0
12 36 -33.0
13 0 -33.0
13 1 -33.0
13 2 -33.0
13 3 -33.0
13 4 -33.0
13 5 -33.0
13 6 -33.0
13 7 -33.0
13 8 -33.0
13 9 -33.0
13 10 -33.0
13 11 -33.0
13 12 -33.0
13 14 -33.0
13 15 -33.0
13 16 -33.0
13 17 -33.0
13 18 -33.0
13 19 -33.0
13 20 -33.0
13 21 -33.0
13 22 -33.0
13 23 -33.0
13 24 -33.0
13 25 -33.0
13 26 -33.0
13 27 -33.0
13 28 -33.0
13 29 -33.0
13 30 -33.0
13 31 -33.0
13 32 -33.0
13 33 -33.0
13 34 -33.0
13 35 -33.0
13 36 -33.0
14 0 -33.0
14 1 -33.0
14 2 -33.0
14 3 -33.0
14 4 -33.0
14 5 -33.0
14 6 -33.0
14 7 -33.0
14 8 -33.0
14 9 -33.0
14 10 -33.0
14 11 -33.0
14 12 -33.0
14 13 -33.0
14 15 -33.0
14 16 -33.0
14 17 -33.0
14 18 -33.0
14 19 -33.0
14 20 -33.0
14 21 -33.0
14 22 -33.0
14 23 -33.0
14 24 -33.0
14 25 -33.0
14 26 -33.0
14 27 -33.0
14 28 -33.0
14 29 -33.0
14 30 -33.0
14 31 -33.0
14 32 -33.0
14 33 -33.0
14 34 -33.0
14 35 -33.0
14 36 -33.0
15 0 -33.0
15 1 -33.0
15 2 -33.0
15 3 -33.0
15 4 -33.0
15 5 -33.0
15 6 -33.0
15 7 -33.0
15 8 -33.0
15 9 -33.0
15 10 -33.0
15 11 -33.0
15 12 -33.0
15 13 -33.0
15 14 -33.0
15 16 -33.0
15 17 -33.0
15 18 -33.0
15 19 -33.0
15 20 -33.0
15 21 -33.0
15 22 -33.0
15 23 -33.0
15 24 -33.0
15 25 -33.0
15 26 -33.0
15 27 -33.0
15 28 -33.0
15 29 -33.0
15 30 -33.0
15 31 -33.0
15 32 -33.0
15 33 -33.0
15 34 -33.0
15 35 -33.0
15 36 -33.0
16 0 -33.0
16 1 -33.0
16 2 -33.0
16 3 -33.0
16 4 -33.0
16 5 -33.0
16 6 -33.0
16 7 -33.0
16 8 -33.0
16 9 -33.0
16 10 -33.0
16 11 -33.0
16 12 -33.0
16 13 -33.0
16 14 -33.0
16 15 -33.0
16 17 -33.0
16 18 -33.0
16 19 -33.0
16 20 -33.0
16 21 -33.0
16 22 -33.0
16 23 -33.0
16 24 -33.0
16 25 -33.0
16 26 -33.0
16 27 -33.0
16 28 -33.0
16 29 -33.0
16 30 -33.0
16 31 -33.0
16 32 -33.0
16 33 -33.0
16 34 -33.0
16 35 -33.0
16 36 -33.0
17 0 -33.0
17 1 -33.0
17 2 -33.0
17 3 -33.0
17 4 -33.0
17 5 -33.0
17 6 -33.0
17 7 -33.0
17 8 -33.0
17 9 -33.0
17 10 -33.0
17 11 -33.0
17 12 -33.0
17 13 -33.0
17 14 -33.0
17 15 -33.0
17 16 -33.0
17 18 -33.0
17 19 -33.0
17 20 -33.0
17 21 -33.0
17 22 -33.0
17 23 -33.0
17 24 -33.0
17 25 -33.0
17 26 -33.0
17 27 -33.0
17 28 -33.0
17 29 -33.0
17 30 -33.0
17 31 -33.0
17 32 -33.0
17 33 -33.0
17 34 -33.0
17 35 -33.0
17 36 -33.0
18 0 -33.0
18 1 -33.0
18 2 -33.0
18 3 -33.0
18 4 -33.0
18 5 -33.0
18 6 -33.0
18 7 -33.0
18 8 -33.0
18 9 -33.0
18 10 -33.0
18 11 -33.0
18 12 -33.0
18 13 -33.0
18 14 -33.0
18 15 -33.0
18 16 -33.0
18 17 -33.0
18 19 -33.0
18 20 -33.0
18 21 -33.0
18 22 -33.0
18 23 -33.0
18 24 -33.0
18 25 -33.0
18 26 -33.0
18 27 -33.0
18 28 -33.0
18 29 -33.0
18 30 -33.0
18 31 -33.0
18 32 -33.0
18 33 -33.0
18 34 -33.0
18 35 -33.0
18 36 -33.0
19 0 -33.0
19 1 -33.0
19 2 -33.0
19 3 -33.0
19 4 -33.0
19 5 -33.0
19 6 -33.0
19 7 -33.0
19 8 -33.0
19 9 -33.0
19 10 -33.0
19 11 -33.0
19 12 -33.0
19 13 -33.0
19 14 -33.0
19 15 -33.0
19 16 -33.0
19 17 -33.0
19 18 -33.0
19 20 -33.0
19 21 -33.0
19 22 -33.0
19 23 -33.0
19 24 -33.0
19 25 -33.0
19 26 -33.0
19 27 -33.0
19 28 -33.0
19 29 -33.0
19 30 -33.0
19 31 -33.0
19 32 -33.0
19 33 -33.0
19 34 -33.0
19 35 -33.0
19 36 -33.0
20 0 -33.0
20 1 -33.0
20 2 -33.0
20 3 -33.0
20 4 -33.0
20 5 -33.0
20 6 -33.0
20 7 -33.0
20 8 -33.0
20 9 -33.0
20 10 -33.0
20 11 -33.0
20 12 -33.0
20 13 -33.0
20 14 -33.0
20 15 -33.0
20 16 -33.0
20 17 -33.0
20 18 -33.0
20 19 -33.0
20 21 -33.0
20 22 -33.0
20 23 -33.0
20 24 -33.0
20 25 -33.0
20 26 -33.0
20 27 -33.0
20 28 -33.0
20 29 -33.0
20 30 -33.0
20 31 -33.0
20 32 -33.0
20 33 -33.0
20 34 -33.0
20 35 -33.0
20 36 -33.0
21 0 -33.0
21 1 -33.0
21 2 -33.0
21 3 -33.0
21 4 -33.0
21 5 -33.0
21 6 -33.0
21 7 -33.0
21 8 -33.0
21 9 -33.0
21 10 -33.0
21 11 -33.0
21 12 -33.0
21 13 -33.0
21 14 -33.0
21 15 -33.0
21 16 -33.0
21 17 -33.0
21 18 -33.0
21 19 -33.0
21 20 -33.0
21 22 -33.0
21 23 -33.0
21 24 -33.0
21 25 -33.0
21 26 -33.0
21 27 -33.0
21 28 -33.0
21 29 -33.0
21 30 -33.0
21 31 -33.0
21 32 -33.0
21 33 -33.0
21 34 -33.0
21 35 -33.0
21 36 -33.0
22 0 -33.0
22 1 -33.0
22 2 -33.0
22 3 -33.0
22 4 -33.0
22 5 -33.0
22 6 -33.0
22 7 -33.0
22 8 -33.0
22 9 -33.0
22 10 -33.0
22 11 -33.0
22 12 -33.0
22 13 -33.0
22 14 -33.0
22 15 -33.0
22 16 -33.0
22 17 -33.0
22 18 -33.0
22 19 -33.0
22 20 -33.0
22 21 -33.0
22 23 -33.0
22 24 -33.0
22 25 -33.0
22 26 -33.0
22 27 -33.0
22 28 -33.0
22 29 -33.0
22 30 -33.0
22 31 -33.0
22 32 -33.0
22 33 -33.0
22 34 -33.0
22 35 -33.0
22 36 -33.0
23 0 -33.0
23 1 -33.0
23 2 -33.0
23 3 -33.0
23 4 -33.0
23 5 -33.0
23 6 -33.0
23 7 -33.0
23 8 -33.0
23 9 -33.0
23 10 -33.0
23 11 -33.0
23 12 -33.0
23 13 -33.0
23 14 -33.0
23 15 -33.0
23 16 -33.0
23 17 -33.0
23 18 -33.0
23 19 -33.0
23 20 -33.0
23 21 -33.0
23 22 -33.0
23 24 -33.0
23 25 -33.0
23 26 -33.0
23 27 -33.0
23 28 -33.0
23 29 -33.0
23 30 -33.0
23 31 -33.0
23 32 -33.0
23 33 -33.0
23 34 -33.0
23 35 -33.0
23 36 -33.0
24 0 -33.0
24 1 -33.0
24 2 -33.0
24 3 -33.0
24 4 -33.0
24 5 -33.0
24 6 -33.0
24 7 -33.0
24 8 -33.0
24 9 -33.0
24 10 -33.0
24 11 -33.0
24 12 -33.0
24 13 -33.0
24 14 -33.0
24 15 -33.0
24 16 -33.0
24 17 -33.0
24 18 -33.0
24 19 -33.0
24 20 -33.0
24 21 -33.0
24 22 -33.0
24 23 -33.0
24 25 -33.0
24 26 -33.0
24 27 -33.0
24 28 -33.0
24 29 -33.0
24 30 -33.0
24 31 -33.0
24 32 -33.0
24 33 -33.0
24 34 -33.0
24 35 -33.0
24 36 -33.0
25 0 -33.0
25 1 -33.0
25 2 -33.0
25 3 -33.0
25 4 -33.0
25 5 -33.0
25 6 -33.0
25 7 -33.0
25 8 -33.0
25 9 -33.0
25 10 -33.0
25 11 -33.0
25 12 -33.0
25 13 -33.0
25 14 -33.0
25 15 -33.0
25 16 -33.0
25 17 -33.0
25 18 -33.0
25 19 -33.0
25 20 -33.0
25 21 -33.0
25 22 -33.0
25 23 -33.0
25 24 -33.0
25 26 -33.0
25 27 -33.0
25 28 -33.0
25 29 -33.0
25 30 -33.0
25 31 -33.0
25 32 -33.0
25 33 -33.0
25 34 -33.0
25 35 -33.0
25 36 -33.0
26 0 -33.0
26 1 -33.0
26 2 -33.0
26 3 -33.0
26 4 -33.0
26 5 -33.0
26 6 -33.0
26 7 -33.0
26 8 -33.0
26 9 -33.0
26 10 -33.0
26 11 -33.0
26 12 -33.0
26 13 -33.0
26 14 -33.0
26 15 -33.0
26 16 -33.0
26 17 -33.0
26 18 -33.0
26 19 -33.0
26 20 -33.0
26 21 -33.0
26 22 -33.0
26 23 -33.0
26 24 -33.0
26 25 -33.0
26 27 -33.0
26 28 -33.0
26 29 -33.0
26 30 -33.0
26 31 -33.0
26 32 -33.0
26 33 -33.0
26 34 -33.0
26 35 -33.0
26 36 -33.0
27 0 -33.0
27 1 -33.0
27 2 -33.0
27 3 -33.0
27 4 -33.0
27 5 -33.0
27 6 -33.0
27 7 -33.0
27 8 -33.0
27 9 -33.0
27 10 -33.0
27 11 -33.0
27 12 -33.0
27 13 -33.0
27 14 -33.0
27 15 -33.0
27 16 -33.0
27 17 -33.0
27 18 -33.0
27 19 -33.0
27 20 -33.0
27 21 -33.0
27 22 -33.0
27 23 -33.0
27 24 -33.0
27 25 -33.0
27 26 -33.0
27 28 -33.0
27 29 -33.0
27 30 -33.0
27 31 -33.0
27 32 -33.0
27 33 -33.0
27 34 -33.0
27 35 -33.0
27 36 -33.0
28 0 -33.0
28 1 -33.0
28 2 -33.0
28 3 -33.0
28 4 -33.0
28 5 -33.0
28 6 -33.0
28 7 -33.0
28 8 -33.0
28 9 -33.0
28 10 -33.0
28 11 -33.0
28 12 -33.0
28 13 -33.0
28 14 -33.0
28 15 -33.0
28 16 -33.0
28 17 -33.0
28 18 -33.0
28 19 -33.0
28 20 -33.0
28 21 -33.0
28 22 -33.0
28 23 -33.0
28 24 -33.0
28 25 -33.0
28 26 -33.0
28 27 -33.0
28 29 -33.0
28 30 -33.0
28 31 -33.0
28 32 -33.0
28 33 -33.0
28 34 -33.0
28 35 -33.0
28 36 -33.0
29 0 -33.0
29 1 -33.0
29 2 -33.0
29 3 -33.0
29 4 -33.0
29 5 -33.0
29 6 -33.0
29 7 -33.0
29 8 -33.0
29 9 -33.0
29 10 -33.0
29 11 -33.0
29 12 -33.0
29 13 -33.0
29 14 -33.0
29 15 -33.0
29 16 -33.0
29 17 -33.0
29 18 -33.0
29 19 -33.0
29 20 -33.0
29 21 -33.0
29 22 -33.0
29 23 -33.0
29 24 -33.0
29 25 -33.0
29 26 -33.0
29 27 -33.0
29 28 -33.0
29 30 -33.0
29 31 -33.0
29 32 -33.0
29 33 -33.0
29 34 -33.0
29 35 -33.0
29 36 -33.0
30 0 -33.0
30 1 -33.0
30 2 -33.0
30 3 -33.0
30 4 -33.0
30 5 -33.0
30 6 -33.0
30 7 -33.0
30 8 -33.0
30 9 -33.0
30 10 -33.0
30 11 -33.0
30 12 -33.0
30 13 -33.0
30 14 -33.0
30 15 -33.0
30 16 -33.0
30 17 -33.0
30 18 -33.0
30 19 -33.0
30 20 -33.0
30 21 -33.0
30 22 -33.0
30 23 -33.0
30 24 -33.0
30 25 -33.0
30 26 -33.0
30 27 -33.0
30 28 -33.0
30 29 -33.0
30 31 -33.0
30 32 -33.0
30 33 -33.0
30 34 -33.0
30 35 -33.0
30 36 -33.0
31 0 -33.0
31 1 -33.0
31 2 -33.0
31 3 -33.0
31 4 -33.0
31 5 -33.0
31 6 -33.0
31 7 -33.0
31 8 -33.0
31 9 -33.0
31 10 -33.0
31 11 -33.0
31 12 -33.0
31 13 -33.0
31 14 -33.0
31 15 -33.0
31 16 -33.0
31 17 -33.0
31 18 -33.0
31 19 -33.0
31 20 -33.0
31 21 -33.0
31 22 -33.0
31 23 -33.0
31 24 -33.0
31 25 -33.0
31 26 -33.0
31 27 -33.0
31 28 -33.0
31 29 -33.0
31 30 -33.0
31 32 -33.0
31 33 -33.0
31 34 -33.0
31 35 -33.0
31 36 -33.0
32 0 -33.0
32 1 -33.0
32 2 -33.0
32 3 -33.0
32 4 -33.0
32 5 -33.0
32 6 -33.0
32 7 -33.0
32 8 -33.0
32 9 -33.0
32 10 -33.0
32 11 -33.0
32 12 -33.0
32 13 -33.0
32 14 -33.0
32 15 -33.0
32 16 -33.0
32 17 -33.0
32 18 -33.0
32 19 -33.0
32 20 -33.0
32 21 -33.0
32 22 -33.0
32 23 -33.0
32 24 -33.0
32 25 -33.0
32 26 -33.0
32 27 -33.0
32 28 -33.0
32 29 -33.0
32 30 -33.0
32 31 -33.0
32 33 -33.0
32 34 -33.0
32 35 -33.0
32 36 -33.0
33 0 -33.0
33 1 -33.0
33 2 -33.0
33 3 -33.0
33 4 -33.0
33 5 -33.0
33 6 -33.0
33 7 -33.0
33 8 -33.0
33 9 -33.0
33 10 -33.0
33 11 -33.0
33 12 -33.0
33 13 -33.0
33 14 -33.0
33 15 -33.0
33 16 -33.0
33 17 -33.0
33 18 -33.0
33 19 -33.0
33 20 -33.0
33 21 -33.0
33 22 -33.0
33 23 -33.0
33 24 -33.0
33 25 -33.0
33 26 -33.0
33 27 -33.0
33 28 -33.0
33 29 -33.0
33 30 -33.0
33 31 -33.0
33 32 -33.0
33 34 -33.0
33 35 -33.0
33 36 -33.0
34 0 -33.0
34 1 -33.0
34 2 -33.0
34 3 -33.0
34 4 -33.0
34 5 -33.0
34 6 -33.0
34 7 -33.0
34 8 -33.0
34 9 -33.0
34 10 -33.0
34 11 -33.0
34 12 -33.0
34 13 -33.0
34 14 -33.0
34 15 -33.0
34 16 -33.0
34 17 -33.0
34 18 -33.0
34 19 -33.0
34 20 -33.0
34 21 -33.0
34 22 -33.0
34 23 -33.0
34 24 -33.0
34 25 -33.0
34 26 -33.0
34 27 -33.0
34 28 -33.0
34 29 -33.0
34 30 -33.0
34 31 -33.0
34 32 -33.0
34 33 -33.0
34 35 -33.0
34 36 -33.0
35 0 -33.0
35 1 -33.0
35 2 -33.0
35 3 -33.0
35 4 -33.0
35 5 -33.0
35 6 -33.0
35 7 -33.0
35 8 -33.0
35 9 -33.0
35 10 -33.0
35 11 -33.0
35 12 -33.0
35 13 -33.0
35 14 -33.0
35 15 -33.0
35 16 -33.0
35 17 -33.0
35 18 -33.0
35 19 -33.0
35 20 -33.0
35 21 -33.0
35 22 -33.0
35 23 -33.0
35 24 -33.0
35 25 -33.0
35 26 -33.0
35 27 -33.0
35 28 -33.0
35 29 -33.0
35 30 -33.0
35 31 -33.0
35 32 -33.0
35 33 -33.0
35 34 -33.0
35 36 -33.0
36 0 -33.0
36 1 -33.0
36 2 -33.0
36 3 -33.0
36 4 -33.0
36 5 -33.0
36 6 -33.0
36 7 -33.0
36 8 -33.0
36 9 -33.0
36 10 -33.0
36 11 -33.0
36 12 -33.0
36 13 -33.0
36 14 -33.0
36 15 -33.0
36 16 -33.0
36 17 -33.0
36 18 -33.0
36 19 -33.0
36 20 -33.0
36 21 -33.0
36 22 -33.0
36 23 -33.0
36 24 -33.0
36 25 -33.0
36 26 -33.0
36 27 -33.0
36 28 -33.0
36 29 -33.0
36 30 -33.0
36 31 -33.0
36 32 -33.0
36 33 -33.0
36 34 -33.0
36 35 -33.0
